idx,time_delta
0,19.184477
1,23.390337
2,6.452695
3,4.305304
4,28.285072
5,20.625563
6,18.858257
7,12.436661
8,4.3020473
9,27.707846
10,9.778231
11,8.650589
12,4.6237316
13,12.24099
14,9.016152
15,8.224118
16,3.8045454
17,1.8694167
18,15.09011
19,13.371679
20,2.8101835
21,5.723798
22,17.336372
23,4.466588
24,26.786812
25,6.672281
26,7.172531
27,22.85506
28,11.148141
29,2.1342788
30,4.5983667
31,9.942564
32,6.1122394
33,31.295801
34,14.674414
35,10.995037
36,24.655703
37,3.0276642
38,26.501383
39,3.8279085
40,14.409464
41,18.703314
42,10.14086
43,3.9806023
44,11.766393
45,18.313335
46,2.8177333
47,17.50658
48,21.095263
49,3.3281803
50,5.661626
51,25.019468
52,11.780916
53,15.949957
54,4.861903
55,14.4632635
56,1.0
57,3.0654335
58,22.50035
59,1.760562
60,5.692526
61,18.614965
62,5.9229736
63,17.43924
64,14.735711
65,12.649292
66,7.7605004
67,1.5534506
68,7.693358
69,7.681843
70,9.124309
71,22.841148
72,1.7416229
73,23.354834
74,18.964304
75,17.633303
76,13.955047
77,9.152131
78,19.036901
79,23.610912
80,18.76913
81,17.955154
82,22.455803
83,17.881199
84,8.155992
85,18.786665
86,4.926567
87,5.918365
88,3.9854393
89,1.4770021
90,9.714625
91,9.026341
92,10.209267
93,8.041351
94,22.795044
95,8.305103
96,14.48791
97,32.82452
98,5.728791
99,7.6282682
100,6.012992
101,6.1897564
102,8.098723
103,2.1281118
104,14.291967
105,1.8637419
106,7.252305
107,7.1280932
108,22.122257
109,28.880394
110,18.753605
111,13.765806
112,34.602524
113,16.88252
114,24.858177
115,15.640255
116,21.475359
117,25.301664
118,21.997942
119,4.6291103
120,8.023223
121,16.668335
122,3.8270826
123,6.524887
124,27.917936
125,10.018504
126,13.623809
127,8.817974
128,11.879607
129,4.525673
130,7.7544794
131,22.01479
132,9.441309
133,4.599102
134,1.0
135,14.462521
136,6.0278397
137,3.711977
138,8.320074
139,16.001137
140,19.772598
141,22.205612
142,7.7473917
143,13.354549
144,13.528911
145,11.322432
146,11.164201
147,18.47038
148,28.32027
149,1.8991377
150,27.635092
151,2.687379
152,21.889801
153,5.051138
154,1.0
155,35.033607
156,11.55367
157,11.559457
158,18.767136
159,7.9068146
160,5.697338
161,12.461023
162,10.480006
163,24.431976
164,11.435816
165,3.8670201
166,17.18606
167,3.3336248
168,1.93854
169,8.930111
170,5.2987185
171,12.380412
172,9.36027
173,15.993824
174,16.17316
175,25.024734
176,17.173647
177,14.944683
178,1.0
179,5.6646175
180,2.3810382
181,24.29887
182,10.778275
183,6.894235
184,7.80806
185,19.505625
186,3.8432126
187,23.41592
188,20.979107
189,21.471943
190,10.680962
191,32.00974
192,18.350172
193,12.005718
194,32.68145
195,20.964504
196,4.3916836
197,13.374202
198,13.853685
199,29.189611
200,7.0973454
201,16.894487
202,4.9960217
203,19.756159
204,4.9998903
205,16.025944
206,10.595516
207,1.3855829
208,21.519897
209,19.621052
210,3.052536
211,16.0668
212,12.955602
213,25.494886
214,25.27423
215,17.168583
216,18.1995
217,2.379859
218,14.802072
219,3.0730305
220,29.755566
221,3.380924
222,5.4415264
223,4.3971443
224,24.904882
225,12.100189
226,18.389118
227,30.774277
228,18.509878
229,6.5503864
230,17.717974
231,12.829647
232,29.059994
233,20.01161
234,4.3796425
235,7.204998
236,25.514172
237,16.36518
238,15.931724
239,5.1181784
240,27.288757
241,17.092642
242,13.237116
243,1.0
244,10.557087
245,3.295189
246,11.03546
247,22.533007
248,8.041297
249,16.178682
250,12.043398
251,5.9152794
252,11.595625
253,22.191935
254,5.54198
255,6.2045593
256,29.550415
257,17.782696
258,7.8413644
259,3.0743418
260,13.076769
261,15.199718
262,17.675875
263,17.033688
264,23.669825
265,10.700247
266,14.546618
267,8.387142
268,17.00726
269,21.871778
270,13.993244
271,25.345509
272,17.587936
273,2.7286577
274,22.904884
275,21.693184
276,5.096343
277,7.6141944
278,37.28681
279,8.144565
280,6.2442403
281,5.4888544
282,26.34485
283,17.312351
284,11.755463
285,15.480774
286,16.909351
287,1.0
288,5.9849977
289,26.321934
290,6.028543
291,22.313576
292,7.5857635
293,14.132988
294,16.749672
295,14.615629
296,7.4422536
297,8.338425
298,14.636355
299,15.138599
300,5.304858
301,9.099721
302,3.7296023
303,5.2523546
304,8.414686
305,21.543873
306,7.673885
307,8.910155
308,9.199576
309,25.100128
310,4.027071
311,22.920088
312,12.475256
313,2.408164
314,24.999935
315,27.701645
316,25.225943
317,4.2816243
318,21.085606
319,29.296154
320,3.5460186
321,4.0500555
322,20.971228
323,21.65419
324,23.57482
325,4.4192076
326,1.0
327,20.949871
328,9.295435
329,20.279776
330,6.1494
331,21.69941
332,11.5383215
333,19.287672
334,5.066388
335,6.392728
336,26.855131
337,7.2478065
338,27.019676
339,6.4687433
340,32.46083
341,23.48259
342,8.906724
343,28.702131
344,20.096725
345,29.398151
346,11.328641
347,2.8535595
348,6.0651445
349,9.499052
350,4.807373
351,3.0726767
352,20.135704
353,5.1477685
354,4.134572
355,5.4132214
356,15.936618
357,12.723698
358,5.144494
359,19.523903
360,20.615093
361,12.414722
362,2.5912387
363,9.867855
364,4.3224506
365,4.675172
366,13.458469
367,16.915218
368,6.811887
369,20.52746
370,23.139736
371,23.277052
372,20.32856
373,31.143745
374,8.387645
375,24.890503
376,6.7689095
377,20.549242
378,20.549406
379,22.859856
380,11.912895
381,9.976044
382,12.506049
383,6.876173
384,29.533997
385,10.216037
386,20.076504
387,14.667253
388,26.180939
389,3.5172882
390,1.0511508
391,15.168815
392,12.6489105
393,13.638529
394,7.938201
395,6.4527254
396,13.898154
397,5.288787
398,31.211847
399,17.92075
400,16.927597
401,11.524282
402,15.056084
403,19.105429
404,5.1726146
405,5.97564
406,11.476678
407,7.431394
408,1.0
409,25.207882
410,27.13515
411,26.632854
412,42.419983
413,7.7329454
414,25.045996
415,6.5482464
416,16.098007
417,28.068497
418,4.1120734
419,5.777381
420,24.322378
421,1.0
422,6.5665536
423,14.977196
424,20.808674
425,1.0
426,19.705982
427,17.367413
428,6.9079037
429,9.083544
430,13.401984
431,1.930201
432,10.945057
433,5.227682
434,31.34225
435,11.709631
436,8.931688
437,6.441317
438,20.364714
439,12.875967
440,5.5430746
441,7.2310543
442,9.31749
443,22.10883
444,15.811421
445,12.83292
446,12.1889715
447,5.9120445
448,3.2803688
449,12.565803
450,14.0229645
451,1.0
452,12.302603
453,11.35627
454,12.417871
455,23.001604
456,10.422969
457,8.6613035
458,34.06944
459,13.36022
460,8.405179
461,28.557255
462,20.833673
463,1.0
464,4.8047237
465,12.490195
466,1.0
467,16.722893
468,16.358463
469,8.543404
470,3.1003761
471,16.482405
472,5.955466
473,5.230961
474,6.5088778
475,15.05701
476,19.185368
477,24.96011
478,14.674009
479,4.2707367
480,20.182545
481,10.838811
482,11.696331
483,24.160631
484,10.982214
485,2.753646
486,9.211026
487,8.121822
488,5.428722
489,11.141714
490,5.7167363
491,7.6974945
492,24.907238
493,22.858303
494,24.254236
495,28.622791
496,5.1999254
497,27.370499
498,19.91814
499,2.0607634
500,11.272417
501,20.896294
502,2.3231668
503,1.0
504,8.974133
505,6.031164
506,18.161583
507,2.881775
508,5.2334385
509,4.15285
510,6.572854
511,7.054883
512,17.905842
513,27.248234
514,11.374112
515,21.737234
516,10.8109665
517,3.2390203
518,27.137573
519,5.3489304
520,11.505302
521,23.59986
522,28.011744
523,20.48954
524,22.397873
525,8.0227995
526,12.395559
527,19.24661
528,21.87661
529,9.894704
530,13.616862
531,5.373888
532,8.300825
533,13.301376
534,4.4584837
535,9.589815
536,13.859721
537,1.0
538,6.363348
539,14.38205
540,12.021019
541,16.832409
542,6.0918965
543,25.051903
544,4.684457
545,2.9002557
546,10.7639065
547,16.578289
548,14.655191
549,4.652404
550,4.8613687
551,30.85851
552,9.079673
553,28.219831
554,15.0606785
555,6.6276193
556,11.979658
557,7.2212086
558,16.117176
559,17.347357
560,13.8924465
561,5.3142023
562,25.102207
563,7.026632
564,15.534012
565,16.29156
566,6.566356
567,18.030708
568,7.44225
569,25.051353
570,16.206865
571,36.15265
572,8.948328
573,9.235452
574,5.3731318
575,19.438793
576,1.5625181
577,11.204234
578,9.121847
579,15.473715
580,18.683401
581,19.114666
582,14.6140995
583,25.252768
584,16.895653
585,11.992787
586,1.7312269
587,4.9076195
588,12.235468
589,3.0921907
590,13.305214
591,11.830178
592,11.921058
593,5.68336
594,12.197063
595,21.631664
596,4.547613
597,19.856983
598,6.051594
599,16.06021
600,13.409557
601,17.956234
602,7.3809304
603,5.2127247
604,32.98414
605,9.955042
606,6.6998067
607,11.112322
608,4.4353743
609,12.914229
610,11.436256
611,19.626974
612,10.3354225
613,4.5171967
614,3.7256866
615,7.164152
616,8.006089
617,9.964823
618,7.518917
619,12.214009
620,19.427774
621,12.920986
622,6.6465244
623,15.261253
624,9.234594
625,9.50944
626,16.601606
627,15.362251
628,3.244773
629,23.056091
630,27.284857
631,8.5920315
632,12.208419
633,11.618788
634,16.002579
635,14.547905
636,18.820038
637,23.558025
638,14.165796
639,21.121645
640,9.048401
641,5.1901684
642,9.65268
643,10.552452
644,19.300064
645,16.798576
646,31.870358
647,5.073296
648,5.9224496
649,5.079735
650,3.8864994
651,17.467731
652,9.593597
653,6.6134686
654,15.359107
655,12.313456
656,10.153653
657,15.346879
658,17.794506
659,17.316694
660,9.045263
661,17.51086
662,11.430381
663,20.782034
664,20.028358
665,6.733736
666,4.4046865
667,5.194652
668,12.110739
669,12.9660015
670,7.819624
671,7.228272
672,7.3674417
673,16.133509
674,13.005472
675,6.7604713
676,27.153015
677,3.4215763
678,8.668408
679,6.123994
680,18.9435
681,8.614044
682,2.8700285
683,16.01984
684,6.7930937
685,5.08978
686,3.2884765
687,20.22336
688,11.602952
689,8.71473
690,19.376165
691,15.158534
692,9.7249365
693,4.55861
694,16.48755
695,13.193632
696,15.082008
697,15.172279
698,12.591382
699,1.3125157
700,7.4221363
701,15.948339
702,18.523375
703,8.067004
704,11.674587
705,4.8130865
706,20.380539
707,1.9720625
708,13.160702
709,8.358273
710,10.651719
711,2.6354156
712,24.599756
713,5.588541
714,4.706461
715,3.3828535
716,4.7357464
717,16.115631
718,3.3255715
719,16.668308
720,13.254225
721,3.298851
722,11.214441
723,27.869274
724,21.562304
725,11.972432
726,15.177428
727,4.8317604
728,7.7715225
729,12.368898
730,17.188025
731,23.737314
732,25.418457
733,1.1014597
734,6.0570583
735,24.733143
736,17.568794
737,27.567642
738,1.7822962
739,17.7548
740,25.321548
741,12.944813
742,18.825554
743,10.231087
744,1.1003382
745,1.3389044
746,5.3611608
747,18.558817
748,2.2660246
749,21.902792
750,17.074951
751,3.7166367
752,2.9353123
753,5.236308
754,2.8413353
755,6.184869
756,11.6297
757,21.280397
758,5.372843
759,7.5829377
760,16.552515
761,26.471497
762,16.15427
763,1.0
764,5.1031237
765,5.3017883
766,6.5870447
767,27.71809
768,2.8752556
769,13.178574
770,7.349193
771,24.937178
772,4.1012945
773,5.0718937
774,26.642248
775,34.695953
776,30.360144
777,19.754192
778,19.664482
779,25.771502
780,22.36609
781,14.085611
782,7.966983
783,7.628681
784,6.5461087
785,8.16259
786,10.841126
787,23.140505
788,8.281145
789,14.400456
790,4.249922
791,6.5113773
792,6.7452707
793,19.673113
794,7.8033905
795,6.7754393
796,3.045072
797,9.940806
798,17.101328
799,26.29196
800,30.625603
801,21.465714
802,4.5929704
803,12.898066
804,4.303521
805,11.053508
806,11.702049
807,15.575025
808,13.032314
809,1.8497467
810,10.22536
811,7.2646303
812,14.612888
813,3.935296
814,7.0534644
815,7.062031
816,12.155493
817,11.281076
818,9.488916
819,18.65886
820,23.098179
821,21.610243
822,24.901394
823,5.643655
824,8.2347355
825,3.5238857
826,14.253269
827,16.426483
828,22.558657
829,12.570592
830,13.708705
831,19.485699
832,30.809654
833,15.819525
834,9.06462
835,11.008114
836,19.209116
837,10.446834
838,6.6670465
839,2.09416
840,13.865027
841,15.2296095
842,6.7258005
843,25.96877
844,19.877378
845,21.99302
846,8.453499
847,7.1385145
848,1.0
849,1.4828453
850,11.471794
851,15.158901
852,14.06782
853,17.340395
854,7.12467
855,8.438599
856,12.744425
857,1.0
858,18.759886
859,20.731009
860,9.2382145
861,9.874039
862,12.646101
863,19.21908
864,15.682438
865,14.17738
866,10.409945
867,18.579395
868,18.321825
869,20.459156
870,1.1024752
871,20.694366
872,10.984317
873,6.85505
874,5.487286
875,6.486908
876,17.917725
877,3.649565
878,11.45135
879,26.930042
880,1.4919891
881,11.978832
882,9.035799
883,6.6209936
884,3.5430183
885,15.375379
886,12.910931
887,4.2528205
888,18.230185
889,7.2495265
890,12.827213
891,27.560791
892,3.46004
893,26.317501
894,14.277147
895,24.324339
896,17.404842
897,9.998554
898,9.693718
899,5.072361
900,11.783486
901,10.975181
902,19.573975
903,3.0893729
904,13.94441
905,13.763815
906,19.844086
907,16.947956
908,18.14672
909,10.893785
910,9.420393
911,25.797848
912,7.384783
913,3.4209185
914,4.9309044
915,9.180669
916,21.2048
917,20.118172
918,15.768824
919,15.811248
920,15.530426
921,19.7847
922,3.8354769
923,10.74448
924,10.199639
925,3.329229
926,14.238343
927,6.7654943
928,30.283527
929,19.481876
930,28.33435
931,5.838198
932,16.241213
933,20.813843
934,4.8503113
935,25.753468
936,10.416811
937,28.687946
938,6.0545435
939,2.6785767
940,31.97625
941,3.7978668
942,17.131891
943,9.208022
944,22.879337
945,15.663031
946,17.002254
947,23.915474
948,27.876324
949,8.42827
950,11.74806
951,6.3980484
952,6.037783
953,4.0042505
954,2.507513
955,23.162165
956,8.520937
957,18.013584
958,19.25572
959,10.368066
960,11.333311
961,4.603344
962,11.152479
963,19.401573
964,4.205265
965,14.848522
966,8.614069
967,22.681417
968,12.628759
969,24.0345
970,1.0
971,1.0
972,2.6656055
973,4.1882496
974,3.5098305
975,6.2769794
976,32.221844
977,12.588824
978,15.464745
979,13.608189
980,19.196228
981,5.4755244
982,8.491851
983,23.29168
984,9.855203
985,10.039564
986,2.7542229
987,29.659945
988,21.908173
989,5.6085796
990,4.807351
991,23.511385
992,18.723576
993,24.858355
994,4.4125123
995,10.760231
996,9.519526
997,8.527996
998,15.681172
999,36.995388
1000,2.9691582
1001,6.3419533
1002,27.10833
1003,3.38375
1004,19.050867
1005,6.3000484
1006,7.5578933
1007,3.076847
1008,1.870956
1009,11.900046
1010,1.0
1011,1.0
1012,15.787042
1013,6.0661583
1014,35.169014
1015,2.2099671
1016,23.209766
1017,2.7977514
1018,7.572729
1019,24.97153
1020,22.621443
1021,7.886219
1022,18.098774
1023,8.66977
1024,19.841957
1025,3.2406273
1026,3.700163
1027,4.360998
1028,4.5002837
1029,7.3266973
1030,5.3521843
1031,28.295639
1032,13.314887
1033,9.287679
1034,11.237786
1035,11.43656
1036,17.49617
1037,7.880414
1038,3.2639132
1039,15.223534
1040,4.1727424
1041,22.800768
1042,24.689676
1043,9.467755
1044,22.827936
1045,23.274035
1046,11.595018
1047,13.441094
1048,14.982723
1049,33.31624
1050,18.177067
1051,9.7370205
1052,9.233849
1053,17.078459
1054,2.4962692
1055,16.481348
1056,5.444747
1057,9.151024
1058,19.037617
1059,3.9568748
1060,33.249214
1061,11.554974
1062,15.658188
1063,23.09057
1064,14.016894
1065,10.207781
1066,34.66516
1067,15.036993
1068,3.600768
1069,3.1573186
1070,23.157408
1071,4.29554
1072,3.8315034
1073,8.136772
1074,19.189362
1075,11.602157
1076,16.992023
1077,18.983711
1078,12.762386
1079,1.8206196
1080,2.5259237
1081,7.201415
1082,22.546158
1083,5.660908
1084,6.96
1085,24.510101
1086,6.504646
1087,19.960094
1088,16.17464
1089,28.171474
1090,13.331749
1091,10.636668
1092,14.323985
1093,6.3905115
1094,2.1544902
1095,22.628891
1096,18.465027
1097,17.79056
1098,11.449813
1099,11.336222
1100,26.021114
1101,11.495265
1102,12.205252
1103,14.123058
1104,6.365486
1105,5.5922856
1106,17.99441
1107,6.1008873
1108,7.739396
1109,19.904097
1110,5.774595
1111,22.949394
1112,13.05829
1113,12.243002
1114,17.707962
1115,10.830898
1116,19.450363
1117,14.640845
1118,15.351063
1119,6.165438
1120,3.3741577
1121,3.8605237
1122,4.5455365
1123,3.6873589
1124,24.067335
1125,21.384567
1126,6.376604
1127,21.08419
1128,36.98497
1129,14.289896
1130,15.178115
1131,4.9657726
1132,6.078575
1133,14.147161
1134,11.885681
1135,8.81573
1136,28.437557
1137,12.615994
1138,20.368824
1139,20.167606
1140,3.4220533
1141,3.7316942
1142,1.0
1143,3.9830627
1144,10.835016
1145,12.654592
1146,17.67926
1147,7.357227
1148,11.265277
1149,27.294056
1150,7.874284
1151,15.713584
1152,29.403622
1153,4.851492
1154,29.877548
1155,2.5793436
1156,6.6937456
1157,12.883324
1158,6.1354713
1159,6.6774845
1160,8.811701
1161,11.170593
1162,4.736336
1163,31.538792
1164,3.1181164
1165,19.66378
1166,5.317852
1167,8.080119
1168,18.113861
1169,25.132359
1170,10.92657
1171,8.426362
1172,19.90472
1173,4.38436
1174,3.7589002
1175,19.678051
1176,22.747927
1177,1.4550495
1178,5.36945
1179,28.54904
1180,20.632183
1181,10.745153
1182,13.641654
1183,12.516968
1184,11.119519
1185,6.9518266
1186,7.1633863
1187,6.0356216
1188,25.542217
1189,11.417644
1190,13.384257
1191,12.633059
1192,8.839838
1193,13.03597
1194,9.076576
1195,8.198004
1196,9.571735
1197,2.5553086
1198,12.438465
1199,3.0970194
1200,8.862156
1201,15.624853
1202,31.503551
1203,10.187708
1204,6.6609154
1205,10.231152
1206,8.079114
1207,5.668596
1208,27.554235
1209,23.81775
1210,20.075993
1211,11.528141
1212,6.3274956
1213,16.352629
1214,19.980316
1215,30.283348
1216,11.570326
1217,23.76374
1218,21.507198
1219,2.26837
1220,18.992226
1221,12.100053
1222,7.6329975
1223,25.351748
1224,8.520758
1225,3.8169038
1226,4.9001665
1227,10.871948
1228,25.211477
1229,6.8984575
1230,13.661048
1231,5.9468346
1232,1.0
1233,22.693918
1234,13.5131645
1235,27.375069
1236,9.125972
1237,16.685034
1238,20.572296
1239,4.594392
1240,20.515944
1241,25.557796
1242,2.7619429
1243,16.02059
1244,4.093029
1245,29.225136
1246,24.675787
1247,14.117302
1248,13.244271
1249,23.340626
1250,23.35985
1251,26.411774
1252,1.1954656
1253,18.856388
1254,17.293018
1255,1.0
1256,3.7108746
1257,7.952576
1258,27.773222
1259,13.298915
1260,4.501984
1261,12.7526245
1262,23.14618
1263,15.345464
1264,28.463013
1265,5.610015
1266,15.391299
1267,16.766987
1268,23.986937
1269,13.20176
1270,20.918596
1271,10.944401
1272,19.315062
1273,6.649867
1274,6.353135
1275,5.0824604
1276,15.409291
1277,4.265559
1278,2.6558065
1279,18.637278
1280,16.446037
1281,7.0377197
1282,16.2272
1283,21.27047
1284,21.273897
1285,10.691909
1286,7.8275604
1287,11.732061
1288,7.36763
1289,13.307379
1290,20.686161
1291,9.612095
1292,10.003103
1293,17.460009
1294,10.330941
1295,1.4165556
1296,11.865101
1297,2.4868069
1298,6.6982493
1299,24.744228
1300,24.693724
1301,10.813784
1302,6.6693296
1303,3.6823587
1304,3.3017187
1305,12.306555
1306,14.728438
1307,18.819298
1308,22.62382
1309,17.034496
1310,3.1257691
1311,3.3038502
1312,25.455585
1313,4.105684
1314,2.2305088
1315,10.008694
1316,26.254484
1317,19.914797
1318,7.1779013
1319,5.893981
1320,26.805098
1321,18.99631
1322,16.66348
1323,11.597016
1324,39.395805
1325,10.847342
1326,7.124172
1327,21.529133
1328,23.574772
1329,23.657152
1330,6.5253115
1331,12.227642
1332,3.7204876
1333,3.199998
1334,8.718319
1335,7.4789677
1336,6.285352
1337,11.9674225
1338,34.136127
1339,10.047136
1340,13.650093
1341,5.8698206
1342,11.379165
1343,3.5537567
1344,28.937773
1345,4.4752584
1346,11.657188
1347,5.953972
1348,16.243593
1349,16.434963
1350,9.815619
1351,14.1251545
1352,8.131952
1353,13.450376
1354,14.329737
1355,15.020029
1356,18.471632
1357,11.808484
1358,19.236242
1359,15.508801
1360,24.981922
1361,17.585146
1362,1.0
1363,6.9629006
1364,6.359208
1365,22.734901
1366,13.714411
1367,22.997335
1368,14.670244
1369,5.481148
1370,27.45781
1371,1.0
1372,8.658841
1373,10.827514
1374,16.250101
1375,25.247837
1376,27.50462
1377,16.480545
1378,7.1486454
1379,22.810966
1380,7.0634556
1381,5.4907494
1382,18.710806
1383,25.143515
1384,6.775215
1385,12.329017
1386,16.465538
1387,22.239796
1388,5.8014493
1389,11.175646
1390,26.50931
1391,11.597048
1392,2.2301579
1393,5.898594
1394,1.0
1395,9.116069
1396,19.080439
1397,16.136738
1398,11.71419
1399,1.5399823
1400,9.43637
1401,16.930552
1402,2.562614
1403,30.403492
1404,16.389885
1405,11.835211
1406,11.182909
1407,6.4195137
1408,12.249123
1409,30.440998
1410,6.284604
1411,12.7204895
1412,2.774971
1413,17.54416
1414,2.7789059
1415,4.94998
1416,4.110713
1417,18.914665
1418,18.415886
1419,24.136055
1420,16.56788
1421,4.2844467
1422,2.6178088
1423,24.479597
1424,20.031864
1425,14.45641
1426,19.59497
1427,4.5657296
1428,32.613453
1429,17.098095
1430,18.841974
1431,25.135742
1432,25.555916
1433,16.517914
1434,10.860696
1435,30.696049
1436,13.088993
1437,7.033177
1438,15.258311
1439,10.340581
1440,13.509512
1441,19.964188
1442,19.706394
1443,5.457883
1444,7.380374
1445,8.761877
1446,5.8966184
1447,17.399685
1448,22.432327
1449,12.606445
1450,27.966824
1451,20.825186
1452,18.55577
1453,21.601114
1454,8.122238
1455,20.803852
1456,21.194004
1457,4.168953
1458,7.492752
1459,9.695285
1460,5.78146
1461,1.0720348
1462,26.945314
1463,12.396489
1464,6.7249775
1465,8.842435
1466,12.016675
1467,1.9295592
1468,27.004786
1469,20.494982
1470,5.097641
1471,32.01188
1472,28.162247
1473,6.3928437
1474,14.519497
1475,23.262978
1476,16.530804
1477,9.358855
1478,8.765048
1479,29.125067
1480,10.589904
1481,28.227339
1482,22.471678
1483,9.83653
1484,25.940628
1485,31.90043
1486,28.455479
1487,2.4567728
1488,19.153078
1489,18.596785
1490,3.4003177
1491,11.782065
1492,27.7225
1493,6.4483643
1494,23.61868
1495,1.8103256
1496,19.49421
1497,21.440044
1498,21.020765
1499,9.024582
1500,19.15916
1501,27.387304
1502,13.299842
1503,14.301886
1504,4.9130535
1505,21.039465
1506,2.7136793
1507,17.384098
1508,10.5382
1509,10.21126
1510,14.221762
1511,8.594637
1512,23.747906
1513,4.348072
1514,23.94667
1515,7.5895596
1516,12.250064
1517,11.081446
1518,1.4069338
1519,10.936525
1520,12.1645155
1521,10.563077
1522,17.522835
1523,1.1403809
1524,8.791695
1525,19.770164
1526,13.076533
1527,14.266985
1528,18.37755
1529,19.091541
1530,2.6082258
1531,11.13375
1532,9.660969
1533,8.553957
1534,5.194543
1535,15.202393
1536,1.9219882
1537,5.464229
1538,17.41025
1539,2.7105684
1540,4.7216167
1541,21.623503
1542,27.577599
1543,6.7367916
1544,7.877043
1545,15.956102
1546,1.6851077
1547,3.6093245
1548,3.0223017
1549,2.8069353
1550,25.367348
1551,10.667713
1552,1.3919077
1553,8.651833
1554,13.831444
1555,11.642718
1556,7.69782
1557,12.7155
1558,2.4261374
1559,19.872807
1560,20.368958
1561,2.5402656
1562,10.496516
1563,12.163334
1564,6.289503
1565,6.101021
1566,7.0304174
1567,8.366001
1568,8.435346
1569,8.48685
1570,3.5906827
1571,14.581689
1572,27.5331
1573,17.549114
1574,7.520154
1575,24.428633
1576,4.1658382
1577,33.10168
1578,8.650362
1579,23.32858
1580,19.447922
1581,23.473597
1582,12.528881
1583,9.268807
1584,5.2008867
1585,12.981039
1586,9.717152
1587,4.497553
1588,3.2039986
1589,2.5628567
1590,6.0999565
1591,3.6761057
1592,7.7195415
1593,14.686204
1594,22.285713
1595,3.2174568
1596,21.180504
1597,31.312569
1598,18.030369
1599,3.7589452
1600,7.338024
1601,1.1707058
1602,6.2326393
1603,12.727562
1604,9.649901
1605,11.332697
1606,35.983944
1607,7.889533
1608,4.307217
1609,15.375472
1610,3.798634
1611,22.685268
1612,19.018528
1613,13.677351
1614,14.781759
1615,8.738479
1616,20.389431
1617,4.8691797
1618,6.554845
1619,2.3301668
1620,16.957336
1621,15.473125
1622,16.643444
1623,14.508499
1624,23.307056
1625,9.389509
1626,7.1448755
1627,28.725788
1628,5.509981
1629,3.07659
1630,8.575308
1631,4.6878195
1632,5.5947514
1633,3.6598558
1634,12.033417
1635,22.169018
1636,27.804276
1637,15.659534
1638,5.5173073
1639,7.7186484
1640,11.50847
1641,28.345524
1642,16.1145
1643,9.271233
1644,27.102436
1645,28.95137
1646,2.7048922
1647,7.5814276
1648,9.76885
1649,28.86668
1650,19.903929
1651,5.9220667
1652,11.886699
1653,24.843674
1654,6.4882965
1655,11.018528
1656,15.425996
1657,14.189909
1658,23.514591
1659,13.154882
1660,5.940991
1661,19.805788
1662,19.826286
1663,17.507442
1664,8.975285
1665,11.934189
1666,8.8448105
1667,8.851259
1668,22.64506
1669,22.79516
1670,19.036205
1671,20.555883
1672,1.0
1673,6.770006
1674,21.336624
1675,8.613796
1676,9.898169
1677,17.47755
1678,20.580532
1679,32.944775
1680,16.469643
1681,9.192978
1682,17.497683
1683,7.968856
1684,3.223815
1685,25.515503
1686,26.27671
1687,7.2907615
1688,2.6638308
1689,11.992374
1690,12.96628
1691,6.7351074
1692,3.8395767
1693,14.787449
1694,5.969938
1695,22.245432
1696,17.784355
1697,29.152744
1698,2.0129704
1699,29.932991
1700,33.35884
1701,10.437424
1702,26.177471
1703,14.535779
1704,4.1880665
1705,20.415112
1706,11.504366
1707,7.450444
1708,27.751583
1709,12.759175
1710,13.404882
1711,4.5609612
1712,13.995507
1713,20.48699
1714,13.79564
1715,4.8700905
1716,8.268718
1717,13.8262205
1718,16.152657
1719,17.911358
1720,12.711761
1721,3.5484219
1722,11.778612
1723,19.50603
1724,7.288595
1725,22.668404
1726,6.6898737
1727,6.2034435
1728,10.154633
1729,3.8799372
1730,14.850145
1731,10.040933
1732,11.724453
1733,11.918734
1734,25.222513
1735,5.706253
1736,5.0028734
1737,12.573119
1738,12.366136
1739,10.6367235
1740,4.945992
1741,16.049976
1742,2.328662
1743,17.738712
1744,3.5958312
1745,12.677672
1746,1.0
1747,8.158311
1748,3.2403064
1749,12.906032
1750,4.0937405
1751,23.26538
1752,29.674995
1753,3.176817
1754,1.4484646
1755,17.238602
1756,10.999392
1757,4.7471724
1758,10.322292
1759,8.281805
1760,4.027704
1761,5.2862706
1762,37.00531
1763,4.746346
1764,16.231194
1765,23.501175
1766,19.960094
1767,20.244818
1768,10.268533
1769,7.109926
1770,4.6927586
1771,2.8073215
1772,13.076769
1773,16.516258
1774,15.344129
1775,17.589382
1776,17.043129
1777,14.518164
1778,7.095503
1779,4.4616294
1780,1.341999
1781,22.321787
1782,14.0895405
1783,21.1242
1784,7.807383
1785,30.105803
1786,1.0
1787,2.5232792
1788,1.0
1789,15.838276
1790,11.215095
1791,6.882494
1792,4.887191
1793,15.666896
1794,5.8568926
1795,18.293707
1796,8.677742
1797,24.469902
1798,15.044476
1799,21.175808
1800,11.552269
1801,12.8211155
1802,9.700127
1803,23.521008
1804,19.103218
1805,23.644049
1806,3.9502034
1807,15.031436
1808,3.909256
1809,6.415438
1810,6.727009
1811,15.502893
1812,23.63149
1813,9.772338
1814,24.17232
1815,12.744698
1816,14.785637
1817,4.8410916
1818,5.012474
1819,6.422429
1820,7.02733
1821,2.587409
1822,13.888793
1823,12.5329895
1824,26.586433
1825,7.0525646
1826,3.4586015
1827,4.637834
1828,3.4583354
1829,7.8552203
1830,3.5923514
1831,2.9234447
1832,19.190302
1833,9.717924
1834,25.758196
1835,7.0941067
1836,8.533944
1837,22.35978
1838,15.95176
1839,24.100067
1840,8.206373
1841,16.598112
1842,12.386013
1843,2.0439427
1844,3.870965
1845,1.8646984
1846,2.0065398
1847,2.3111937
1848,19.907854
1849,4.4962416
1850,32.066223
1851,6.4592104
1852,2.206132
1853,7.3209453
1854,1.8656378
1855,9.741804
1856,5.9816666
1857,10.282312
1858,6.6939445
1859,15.114996
1860,5.3015084
1861,7.4875293
1862,18.587852
1863,12.818268
1864,14.102739
1865,6.6464887
1866,9.3419285
1867,13.695524
1868,6.565257
1869,14.474737
1870,9.95152
1871,5.393977
1872,9.189152
1873,6.5103765
1874,4.882539
1875,6.369025
1876,20.424618
1877,13.040072
1878,16.812565
1879,22.027708
1880,7.0320024
1881,5.1527324
1882,4.754897
1883,11.460375
1884,5.8940363
1885,12.204255
1886,2.982592
1887,4.616927
1888,26.338013
1889,12.320896
1890,7.8176723
1891,18.930382
1892,15.774429
1893,29.819006
1894,6.078373
1895,1.0
1896,19.339207
1897,24.615469
1898,7.1925707
1899,1.4090538
1900,15.422737
1901,10.946239
1902,6.909523
1903,10.464638
1904,5.115923
1905,4.348898
1906,26.515615
1907,29.339504
1908,8.123938
1909,4.5412025
1910,15.471843
1911,29.891405
1912,8.4878
1913,5.2958164
1914,3.5548525
1915,6.3972187
1916,5.562421
1917,5.284052
1918,6.4840584
1919,9.440438
1920,3.2549033
1921,6.5741715
1922,7.855932
1923,6.7714148
1924,14.857258
1925,10.588814
1926,4.38964
1927,14.794895
1928,14.424629
1929,8.783209
1930,10.424766
1931,15.05362
1932,3.0280018
1933,8.796317
1934,19.205885
1935,20.689724
1936,2.8221052
1937,27.851288
1938,1.0
1939,8.356024
1940,17.004906
1941,34.407383
1942,25.763905
1943,24.71851
1944,3.563922
1945,22.080936
1946,16.046848
1947,23.091175
1948,11.910724
1949,9.2883415
1950,26.153793
1951,11.219973
1952,9.776764
1953,3.364687
1954,2.397707
1955,7.3353586
1956,2.7900753
1957,3.039475
1958,9.717706
1959,19.196558
1960,1.0
1961,16.273228
1962,18.207
1963,4.519561
1964,12.113235
1965,7.653176
1966,19.538233
1967,6.6382136
1968,1.9593163
1969,9.976723
1970,2.8452034
1971,10.500919
1972,12.478731
1973,6.059093
1974,28.71739
1975,10.434298
1976,19.861952
1977,15.241869
1978,3.246252
1979,13.030648
1980,13.64642
1981,10.654725
1982,20.85232
1983,19.24017
1984,3.069934
1985,9.373473
1986,1.0
1987,8.122286
1988,27.327515
1989,9.129154
1990,11.163729
1991,9.406885
1992,16.481178
1993,5.5990734
1994,16.61558
1995,9.162012
1996,11.579596
1997,12.213847
1998,23.09916
1999,17.41697
2000,12.258213
2001,23.68467
2002,14.039923
2003,20.281025
2004,15.445576
2005,16.67951
2006,5.6867747
2007,21.117382
2008,5.675627
2009,27.599262
2010,6.7145734
2011,18.326813
2012,14.541538
2013,7.566429
2014,15.959396
2015,4.613141
2016,3.5487947
2017,6.1157994
2018,2.4529357
2019,3.560213
2020,7.660902
2021,7.021843
2022,19.327513
2023,6.9977665
2024,3.3380222
2025,15.897474
2026,7.28615
2027,6.7527413
2028,5.2848306
2029,16.054022
2030,1.7000952
2031,3.072786
2032,9.66696
2033,16.672632
2034,4.215909
2035,20.893639
2036,5.1185193
2037,11.9312725
2038,33.235302
2039,13.901511
2040,20.355156
2041,17.904377
2042,5.4397078
2043,7.102483
2044,22.188122
2045,5.7934794
2046,3.6682198
2047,6.18717
2048,4.085985
2049,2.6072881
2050,6.9932394
2051,15.568565
2052,18.104656
2053,12.045332
2054,20.070292
2055,6.6950417
2056,23.194843
2057,3.449049
2058,1.4999428
2059,27.475254
2060,8.549476
2061,13.321976
2062,3.5013628
2063,31.847662
2064,15.419076
2065,3.4963121
2066,4.896823
2067,3.5232744
2068,16.205004
2069,33.26311
2070,4.709242
2071,14.905138
2072,4.0017138
2073,16.765152
2074,31.334133
2075,5.287696
2076,19.308823
2077,10.803591
2078,2.5447853
2079,15.230047
2080,7.958524
2081,21.84929
2082,8.964448
2083,5.5150037
2084,18.58868
2085,7.738199
2086,10.245413
2087,8.837965
2088,21.86242
2089,15.523717
2090,14.906391
2091,2.9679847
2092,19.30716
2093,16.642967
2094,22.273483
2095,5.0717087
2096,16.51207
2097,18.064472
2098,4.321827
2099,9.663599
2100,7.7291193
2101,6.27509
2102,2.6722364
2103,17.369953
2104,6.908166
2105,20.430445
2106,10.618887
2107,16.925575
2108,19.866606
2109,10.023715
2110,10.709913
2111,16.403933
2112,4.6221027
2113,29.419369
2114,21.224497
2115,4.0222864
2116,36.08396
2117,12.664045
2118,3.6182947
2119,19.595215
2120,10.470446
2121,5.857948
2122,12.657576
2123,25.23612
2124,1.3935101
2125,21.453444
2126,3.3609934
2127,33.738396
2128,17.280077
2129,21.228622
2130,15.076237
2131,25.685667
2132,2.042076
2133,22.156757
2134,7.867161
2135,16.335945
2136,11.338784
2137,17.983267
2138,16.515247
2139,4.87342
2140,5.7351875
2141,18.395954
2142,11.73655
2143,17.770168
2144,20.585285
2145,21.183142
2146,13.23479
2147,11.383693
2148,1.0
2149,9.449717
2150,2.1133785
2151,9.090294
2152,19.453588
2153,5.5725117
2154,24.184954
2155,18.998642
2156,11.577569
2157,6.957302
2158,2.6956425
2159,12.219255
2160,30.859432
2161,7.847802
2162,13.536174
2163,5.5865946
2164,16.915268
2165,7.175355
2166,23.677792
2167,15.372465
2168,10.8656845
2169,20.27422
2170,8.926595
2171,14.318289
2172,3.799427
2173,3.0967445
2174,15.190496
2175,5.575357
2176,6.0243626
2177,12.183403
2178,19.128801
2179,4.573757
2180,6.187216
2181,23.225483
2182,20.785828
2183,10.267264
2184,7.9281874
2185,14.987512
2186,19.131157
2187,11.132601
2188,3.4479823
2189,3.8423977
2190,2.1718903
2191,5.7520895
2192,28.475027
2193,20.97821
2194,15.195876
2195,9.255636
2196,2.437821
2197,26.224817
2198,12.347579
2199,1.0
2200,11.212425
2201,13.277479
2202,22.298178
2203,3.8924465
2204,19.63659
2205,15.759004
2206,21.709785
2207,6.4090943
2208,9.2384615
2209,1.0
2210,18.86391
2211,2.7158022
2212,11.195083
2213,23.007778
2214,10.489936
2215,7.564707
2216,23.588995
2217,23.423622
2218,31.215048
2219,13.691013
2220,8.978647
2221,4.7332773
2222,20.866665
2223,10.102171
2224,10.723602
2225,9.82302
2226,3.7752657
2227,2.9877853
2228,17.102913
2229,19.152882
2230,10.608885
2231,1.0
2232,27.901165
2233,15.3561945
2234,4.6160583
2235,2.5487213
2236,30.819942
2237,11.077845
2238,32.238914
2239,17.309034
2240,11.114961
2241,16.311516
2242,23.593933
2243,6.5064707
2244,3.455533
2245,3.63488
2246,1.568491
2247,10.601868
2248,22.99665
2249,2.0003963
2250,15.163126
2251,16.572968
2252,22.891703
2253,14.311814
2254,36.319084
2255,17.291853
2256,2.6853416
2257,8.638117
2258,2.870638
2259,11.877182
2260,7.7175856
2261,6.2346773
2262,13.189908
2263,12.949312
2264,23.206247
2265,10.242593
2266,5.414194
2267,5.6720495
2268,25.907776
2269,16.20338
2270,11.214158
2271,2.9631205
2272,24.193556
2273,22.124096
2274,22.07711
2275,19.793316
2276,7.116857
2277,2.7033024
2278,1.0
2279,5.608954
2280,17.545341
2281,1.3184538
2282,1.9542335
2283,20.296732
2284,6.738988
2285,13.489605
2286,1.7719297
2287,8.651522
2288,3.799343
2289,13.309291
2290,9.706816
2291,10.211973
2292,15.652883
2293,3.0334759
2294,3.6647818
2295,7.003381
2296,4.577258
2297,16.764654
2298,20.458464
2299,5.0702085
2300,17.31053
2301,19.724285
2302,6.3280697
2303,7.8920946
2304,25.512253
2305,13.982262
2306,7.5914693
2307,7.2484984
2308,22.295387
2309,8.026095
2310,16.991348
2311,9.65157
2312,1.1300755
2313,2.421626
2314,11.9272995
2315,1.0
2316,8.310207
2317,24.005798
2318,9.8645115
2319,21.947668
2320,12.366136
2321,3.4321094
2322,4.573573
2323,6.803365
2324,13.255633
2325,6.8126726
2326,10.419722
2327,3.6921463
2328,12.586784
2329,6.3642426
2330,20.99327
2331,24.26712
2332,11.754056
2333,6.2933016
2334,24.357471
2335,5.789579
2336,2.4881983
2337,21.457003
2338,1.0
2339,1.0
2340,28.43407
2341,9.157233
2342,12.5041
2343,20.529953
2344,15.851961
2345,32.465923
2346,10.577927
2347,6.636767
2348,19.777946
2349,9.251212
2350,29.780418
2351,7.579986
2352,15.990701
2353,4.876344
2354,4.230215
2355,15.548753
2356,10.831942
2357,13.545361
2358,24.584373
2359,9.150813
2360,3.815895
2361,8.500627
2362,19.773506
2363,12.060947
2364,3.3153172
2365,18.040535
2366,12.026234
2367,1.0
2368,5.7658267
2369,12.71513
2370,3.371635
2371,10.092806
2372,18.835133
2373,17.31109
2374,1.8121467
2375,8.86508
2376,5.068777
2377,3.3411036
2378,9.866201
2379,13.425399
2380,23.554983
2381,4.843243
2382,6.2500324
2383,6.5393333
2384,20.403488
2385,1.0
2386,20.342144
2387,6.0737147
2388,4.9132996
2389,15.845431
2390,28.774591
2391,8.523375
2392,8.8312435
2393,21.95783
2394,8.979489
2395,7.3958583
2396,16.113018
2397,6.3610673
2398,1.0
2399,28.588129
2400,14.381555
2401,27.287924
2402,22.925304
2403,18.945677
2404,2.8395529
2405,14.031664
2406,18.654018
2407,1.8553209
2408,6.8868084
2409,29.451536
2410,18.557453
2411,28.972572
2412,7.3138
2413,11.666336
2414,9.099329
2415,9.841058
2416,19.408165
2417,1.0
2418,4.1122136
2419,22.99068
2420,4.5319967
2421,2.4480085
2422,16.307848
2423,14.153923
2424,6.3416505
2425,3.3906558
2426,3.0196118
2427,10.281279
2428,18.6068
2429,32.92362
2430,14.133305
2431,18.01453
2432,8.541712
2433,19.110485
2434,5.6191883
2435,8.7065935
2436,8.727589
2437,4.038679
2438,2.0159857
2439,7.758263
2440,9.296373
2441,23.967016
2442,20.974392
2443,23.00721
2444,21.531544
2445,19.935595
2446,4.589422
2447,6.7752647
2448,15.177681
2449,17.702682
2450,18.100609
2451,5.8644667
2452,10.131162
2453,5.951048
2454,5.2839622
2455,2.711998
2456,18.545013
2457,3.7589002
2458,7.1517262
2459,8.296594
2460,29.141167
2461,11.247536
2462,9.828213
2463,1.777401
2464,7.910007
2465,5.711974
2466,21.401814
2467,20.86148
2468,19.129528
2469,4.2442408
2470,6.1998987
2471,5.0291834
2472,12.970251
2473,4.6297874
2474,19.371765
2475,5.0376124
2476,7.380732
2477,16.185297
2478,14.7610855
2479,16.294483
2480,22.08569
2481,8.258703
2482,14.736498
2483,21.49627
2484,14.313185
2485,12.014305
2486,25.035633
2487,12.691875
2488,6.5704536
2489,4.6216507
2490,9.304905
2491,7.956537
2492,11.973339
2493,5.5323095
2494,1.5366688
2495,2.2113333
2496,10.605904
2497,4.256909
2498,3.6768236
2499,11.741021
2500,2.0184221
2501,7.361264
2502,19.272697
2503,15.777647
2504,8.521429
2505,25.286867
2506,26.535986
2507,9.599422
2508,1.7922888
2509,29.904888
2510,2.2624483
2511,5.8948116
2512,6.503422
2513,10.010668
2514,3.2696848
2515,16.503237
2516,27.920494
2517,13.950006
2518,24.70657
2519,6.684347
2520,4.0325775
2521,14.133938
2522,32.017582
2523,16.16249
2524,1.7766504
2525,6.5768967
2526,6.0507746
2527,6.1985154
2528,16.857914
2529,6.566971
2530,2.6910858
2531,11.085987
2532,4.266123
2533,7.760932
2534,9.424676
2535,8.884727
2536,14.142357
2537,24.257439
2538,5.570789
2539,21.783703
2540,12.764005
2541,4.168209
2542,23.839682
2543,8.563794
2544,4.53456
2545,9.265407
2546,11.103012
2547,4.0919304
2548,20.811172
2549,29.091173
2550,14.043417
2551,16.131954
2552,11.707981
2553,1.4164333
2554,1.0
2555,16.956966
2556,5.5683556
2557,17.849508
2558,3.3701282
2559,9.578046
2560,15.149675
2561,8.679734
2562,6.236006
2563,5.659543
2564,13.420034
2565,5.537777
2566,12.334995
2567,38.12104
2568,14.633549
2569,23.671158
2570,16.868504
2571,15.789449
2572,1.5280004
2573,8.114376
2574,8.496626
2575,15.767797
2576,10.590225
2577,9.537485
2578,4.3692756
2579,8.112095
2580,21.82869
2581,16.462364
2582,2.4732056
2583,4.675145
2584,6.0444775
2585,10.860249
2586,24.202137
2587,5.618599
2588,21.609434
2589,16.871807
2590,9.206
2591,7.927404
2592,20.984905
2593,2.1655188
2594,19.481375
2595,1.3581122
2596,4.9587173
2597,9.870115
2598,23.80817
2599,9.176882
2600,13.365635
2601,6.118728
2602,18.994076
2603,6.3005767
2604,19.443102
2605,5.606028
2606,19.227047
2607,9.624477
2608,28.148338
2609,5.388096
2610,23.066788
2611,20.211441
2612,7.2930746
2613,3.7594266
2614,1.2775178
2615,16.75275
2616,10.8415
2617,32.09046
2618,15.415757
2619,17.706276
2620,8.523912
2621,26.445896
2622,4.2032423
2623,8.923832
2624,3.6300182
2625,19.410257
2626,1.9137201
2627,14.037296
2628,9.3071995
2629,9.2382145
2630,10.005792
2631,19.618446
2632,4.98701
2633,21.731962
2634,9.351849
2635,8.14149
2636,20.019436
2637,6.12693
2638,9.618475
2639,8.49106
2640,18.231571
2641,21.354671
2642,8.28507
2643,4.1464167
2644,7.41072
2645,1.0
2646,6.9481745
2647,7.149644
2648,11.20887
2649,10.587198
2650,11.950124
2651,16.382036
2652,5.35036
2653,15.713742
2654,18.794687
2655,2.9370372
2656,30.327154
2657,22.765339
2658,20.654884
2659,25.253647
2660,10.706961
2661,22.217445
2662,19.836369
2663,23.19336
2664,19.256931
2665,17.374489
2666,1.9730291
2667,2.7338076
2668,8.140513
2669,17.92075
2670,23.829897
2671,18.31832
2672,18.178398
2673,13.657104
2674,16.742287
2675,2.2166443
2676,5.53987
2677,2.8621836
2678,12.79999
2679,1.4806137
2680,14.198783
2681,3.7661238
2682,30.772831
2683,19.811993
2684,9.045852
2685,34.180996
2686,11.0817375
2687,24.164993
2688,17.900782
2689,28.15339
2690,11.470707
2691,9.750582
2692,12.100599
2693,5.8352284
2694,10.341923
2695,7.3980837
2696,29.067913
2697,15.019402
2698,27.601469
2699,11.917713
2700,6.957287
2701,5.21346
2702,9.650401
2703,5.842337
2704,9.648044
2705,7.396595
2706,14.022129
2707,25.076956
2708,3.6727257
2709,19.347975
2710,25.718231
2711,5.5909166
2712,3.171502
2713,3.7504873
2714,2.6446154
2715,3.0561996
2716,14.847912
2717,15.904612
2718,15.007278
2719,1.8192387
2720,21.746353
2721,29.485016
2722,4.116267
2723,29.850653
2724,13.63284
2725,4.624859
2726,4.7044454
2727,1.3634233
2728,3.1319818
2729,33.35827
2730,26.29741
2731,26.378963
2732,13.474163
2733,12.182337
2734,4.702324
2735,4.2462316
2736,23.758663
2737,4.867928
2738,2.2202425
2739,22.466698
2740,12.42334
2741,8.381623
2742,18.958757
2743,21.018095
2744,3.9101849
2745,12.724741
2746,3.809536
2747,7.6996555
2748,14.491155
2749,15.045248
2750,8.174449
2751,6.0784082
2752,4.7883396
2753,6.9611306
2754,7.659089
2755,4.2045975
2756,18.984549
2757,20.188316
2758,1.0125499
2759,5.2033305
2760,14.048051
2761,22.728205
2762,4.2574205
2763,19.697594
2764,3.2125797
2765,7.482686
2766,3.056426
2767,2.0541215
2768,19.515814
2769,4.3815594
2770,17.888441
2771,24.357609
2772,22.483078
2773,14.08605
2774,7.8690023
2775,1.0
2776,18.662552
2777,21.171387
2778,2.0432148
2779,6.591284
2780,20.197327
2781,13.9599495
2782,18.97905
2783,17.967056
2784,20.638405
2785,7.9936085
2786,2.6061907
2787,7.6697645
2788,11.505722
2789,12.242743
2790,16.046902
2791,29.39618
2792,16.344505
2793,5.5843935
2794,13.248156
2795,7.237732
2796,28.664536
2797,4.7544312
2798,15.912487
2799,23.239952
2800,11.193527
2801,24.174046
2802,6.8751287
2803,14.5313225
2804,4.9340143
2805,11.737465
2806,9.676472
2807,18.807201
2808,9.182332
2809,2.8739104
2810,24.927517
2811,5.4005604
2812,1.0
2813,13.783385
2814,12.714511
2815,26.607874
2816,1.0
2817,9.286512
2818,8.704591
2819,4.7938633
2820,23.317684
2821,4.089982
2822,23.271358
2823,4.55318
2824,19.006023
2825,25.223263
2826,7.5724087
2827,23.4696
2828,12.685184
2829,19.10408
2830,12.075479
2831,8.321268
2832,16.76179
2833,2.6211033
2834,29.059967
2835,22.88504
2836,2.8836718
2837,5.0579567
2838,17.722092
2839,13.135601
2840,4.078579
2841,22.072683
2842,9.264699
2843,28.396402
2844,3.9497347
2845,14.081917
2846,7.1765265
2847,3.1623316
2848,19.382107
2849,32.16565
2850,19.115913
2851,1.0
2852,2.7058525
2853,21.264015
2854,8.090147
2855,16.419445
2856,6.8375945
2857,21.757614
2858,8.071457
2859,20.568525
2860,5.974237
2861,25.841099
2862,1.3854599
2863,10.458513
2864,28.443901
2865,18.40385
2866,9.144919
2867,18.954927
2868,5.36443
2869,9.57231
2870,17.724485
2871,3.75029
2872,1.0
2873,22.430733
2874,4.9424725
2875,1.0
2876,1.0
2877,18.437675
2878,15.747658
2879,16.709837
2880,6.5927687
2881,15.94766
2882,4.878765
2883,11.964223
2884,18.380362
2885,8.103259
2886,16.572824
2887,25.538742
2888,7.798245
2889,15.044249
2890,29.176296
2891,4.212456
2892,26.083435
2893,6.850956
2894,18.780552
2895,22.299822
2896,12.054285
2897,18.241919
2898,3.8771968
2899,2.9484835
2900,22.72832
2901,16.82385
2902,9.883336
2903,4.9817743
2904,8.995167
2905,9.420735
2906,19.094423
2907,2.3996825
2908,17.82052
2909,7.5038443
2910,5.0559597
2911,7.094314
2912,23.133492
2913,28.495777
2914,14.952894
2915,27.30864
2916,6.5922337
2917,8.540541
2918,8.018806
2919,6.6952305
2920,9.959471
2921,3.2357402
2922,11.894705
2923,21.473787
2924,25.39803
2925,7.500773
2926,1.0
2927,12.624098
2928,13.365939
2929,3.8676536
2930,7.3262863
2931,20.081495
2932,5.6507673
2933,32.94348
2934,5.5133553
2935,31.083744
2936,25.283209
2937,3.4959447
2938,12.861275
2939,21.860939
2940,11.560127
2941,5.1799717
2942,6.1819205
2943,2.3672407
2944,11.4336
2945,6.2582693
2946,24.224508
2947,13.576711
2948,7.1442013
2949,21.043776
2950,3.746583
2951,13.038635
2952,4.742197
2953,7.1486874
2954,9.286982
2955,13.344608
2956,10.46269
2957,23.344109
2958,1.7435474
2959,5.0313473
2960,19.106405
2961,13.797462
2962,2.6524866
2963,21.007225
2964,5.4480047
2965,5.7010317
2966,4.416767
2967,8.854153
2968,9.605539
2969,10.29972
2970,2.7429934
2971,6.4638863
2972,9.726082
2973,6.975135
2974,23.824657
2975,6.199586
2976,18.553198
2977,26.576265
2978,5.0793476
2979,12.541544
2980,31.459082
2981,5.5251155
2982,17.198408
2983,6.5663137
2984,3.5873833
2985,22.99769
2986,4.505208
2987,30.966995
2988,5.3769636
2989,14.687254
2990,18.309635
2991,10.585613
2992,14.510651
2993,12.22488
2994,21.154537
2995,7.360265
2996,5.9713583
2997,5.8426595
2998,1.0
2999,4.677217
3000,10.068094
3001,3.6884055
3002,1.0
3003,7.2898474
3004,14.363918
3005,19.38281
3006,11.643216
3007,22.641855
3008,23.949139
3009,13.500118
3010,2.753284
3011,16.37704
3012,31.260204
3013,14.40765
3014,7.9971304
3015,9.56607
3016,3.3804207
3017,4.2803698
3018,12.642767
3019,7.436409
3020,4.10376
3021,5.0807104
3022,14.310368
3023,3.6294131
3024,19.690145
3025,4.3481884
3026,9.583389
3027,22.92141
3028,1.0
3029,4.434596
3030,6.8397827
3031,9.170494
3032,22.3706
3033,18.71694
3034,16.630508
3035,17.792929
3036,20.480652
3037,3.7743826
3038,5.429599
3039,25.51812
3040,14.356182
3041,7.160177
3042,7.5915346
3043,15.151946
3044,12.25993
3045,9.520149
3046,14.278247
3047,9.080912
3048,9.855096
3049,10.88564
3050,10.395786
3051,18.448439
3052,18.393887
3053,22.524334
3054,4.8704605
3055,17.672567
3056,24.256128
3057,6.647761
3058,1.7589188
3059,16.753887
3060,27.897316
3061,4.4381585
3062,8.164869
3063,10.596323
3064,12.331326
3065,8.839987
3066,10.055243
3067,2.3357382
3068,16.073483
3069,12.35253
3070,11.444172
3071,5.746872
3072,8.30189
3073,1.3992062
3074,26.232819
3075,5.7222223
3076,12.5962515
3077,26.258865
3078,9.472981
3079,10.317259
3080,5.462677
3081,7.7818
3082,4.359479
3083,28.995895
3084,19.93628
3085,21.630308
3086,23.823162
3087,12.91727
3088,12.591911
3089,4.8248205
3090,24.621147
3091,3.370349
3092,17.154055
3093,17.767164
3094,1.7912345
3095,8.264738
3096,4.1259594
3097,36.90472
3098,19.548687
3099,28.037487
3100,5.0904255
3101,3.2870529
3102,17.792965
3103,13.0886965
3104,10.670834
3105,7.242505
3106,7.177166
3107,12.713419
3108,11.407935
3109,24.593767
3110,4.7661347
3111,9.118429
3112,1.7232637
3113,13.505375
3114,4.76799
3115,29.857353
3116,11.775204
3117,6.58136
3118,16.782797
3119,4.015875
3120,5.2402596
3121,18.38506
3122,4.3259716
3123,9.848246
3124,8.295582
3125,22.17085
3126,2.7580292
3127,9.842434
3128,9.036487
3129,6.8627315
3130,5.8335366
3131,4.2977037
3132,1.0
3133,20.128384
3134,28.270153
3135,34.051277
3136,5.935285
3137,15.274115
3138,3.1073327
3139,22.13012
3140,31.600903
3141,21.821918
3142,31.10408
3143,20.277584
3144,27.700676
3145,1.0131483
3146,12.661629
3147,9.8901615
3148,10.199866
3149,5.700492
3150,17.342442
3151,16.42109
3152,16.172987
3153,9.157281
3154,20.861763
3155,19.05129
3156,23.89476
3157,18.838593
3158,30.027401
3159,3.2482548
3160,10.80712
3161,20.692898
3162,2.375224
3163,5.393012
3164,18.46414
3165,3.0853786
3166,4.8717575
3167,8.921624
3168,22.260025
3169,5.205867
3170,7.61224
3171,3.732506
3172,3.740572
3173,31.494762
3174,7.9757605
3175,18.097555
3176,17.061623
3177,1.0
3178,15.562167
3179,6.2485113
3180,21.408424
3181,9.691687
3182,25.96746
3183,13.475105
3184,19.736103
3185,10.262496
3186,3.6236691
3187,2.5807505
3188,21.892893
3189,22.052238
3190,30.513407
3191,1.0
3192,5.170933
3193,26.61849
3194,6.298977
3195,6.5794
3196,15.439915
3197,8.272609
3198,16.240105
3199,6.4924507
3200,9.755152
3201,12.456573
3202,26.765877
3203,5.5075703
3204,18.134495
3205,21.98351
3206,14.858322
3207,32.195374
3208,6.4282494
3209,14.558773
3210,6.9956837
3211,5.405854
3212,8.25211
3213,27.627316
3214,23.883013
3215,7.9373493
3216,16.762415
3217,21.265415
3218,17.2164
3219,8.786564
3220,15.116737
3221,21.258867
3222,3.9065695
3223,1.0
3224,4.526731
3225,3.327404
3226,18.878407
3227,24.888073
3228,4.028281
3229,29.385138
3230,13.055649
3231,16.713013
3232,4.661873
3233,6.049151
3234,5.2533875
3235,21.736115
3236,3.8712053
3237,12.360989
3238,14.165159
3239,6.8271437
3240,10.518702
3241,17.431805
3242,23.620903
3243,9.413133
3244,11.766477
3245,1.2569656
3246,3.382918
3247,5.5847125
3248,1.9869175
3249,18.229963
3250,25.382332
3251,5.312315
3252,6.427391
3253,1.0698328
3254,18.704195
3255,11.40676
3256,16.01238
3257,2.9605875
3258,9.707785
3259,19.237011
3260,24.34462
3261,13.432934
3262,1.0
3263,11.868576
3264,35.29645
3265,1.0491863
3266,1.0
3267,7.1790295
3268,20.08784
3269,10.798155
3270,2.5000095
3271,8.043891
3272,18.536938
3273,26.740046
3274,7.1148124
3275,8.483845
3276,3.1302137
3277,7.5882893
3278,3.8379805
3279,15.950105
3280,22.316813
3281,8.772312
3282,10.898255
3283,2.2303634
3284,9.912243
3285,17.043224
3286,9.760944
3287,5.3024197
3288,6.6279306
3289,3.484933
3290,6.5910835
3291,25.990873
3292,22.684093
3293,3.671125
3294,11.047953
3295,24.52993
3296,11.866812
3297,6.026682
3298,11.281855
3299,7.9674883
3300,14.624496
3301,1.0
3302,6.5180683
3303,15.666356
3304,22.859535
3305,9.004094
3306,19.356598
3307,15.874823
3308,21.126553
3309,7.803691
3310,10.392157
3311,4.5052214
3312,20.79856
3313,10.486006
3314,16.050247
3315,8.564824
3316,24.037752
3317,16.955135
3318,27.00032
3319,31.600046
3320,1.6912365
3321,17.913204
3322,26.32914
3323,25.015945
3324,20.959135
3325,2.199854
3326,22.928148
3327,3.0075774
3328,17.504139
3329,12.214708
3330,22.80067
3331,8.743698
3332,2.5530143
3333,10.910677
3334,4.9774923
3335,10.97535
3336,21.65076
3337,8.938179
3338,6.2648354
3339,14.788983
3340,37.99978
3341,8.226284
3342,9.520241
3343,15.745
3344,23.543736
3345,3.2414806
3346,1.2130184
3347,36.37542
3348,6.262002
3349,10.762843
3350,11.816414
3351,19.394688
3352,3.7664862
3353,10.666116
3354,3.16572
3355,26.90006
3356,8.730737
3357,5.689588
3358,20.919413
3359,3.21846
3360,17.44211
3361,7.1974463
3362,25.512915
3363,1.0
3364,3.5343666
3365,4.5304375
3366,23.526186
3367,16.65037
3368,21.796024
3369,7.7724857
3370,6.8913403
3371,19.593332
3372,16.94989
3373,12.126247
3374,25.141148
3375,1.9329901
3376,10.3479395
3377,12.623423
3378,32.797543
3379,7.764927
3380,18.490728
3381,6.8991117
3382,21.711845
3383,9.965472
3384,5.878022
3385,20.620224
3386,13.332983
3387,24.03722
3388,3.8402617
3389,1.0
3390,3.0431678
3391,6.364454
3392,11.672789
3393,10.325078
3394,11.484785
3395,17.505796
3396,13.379572
3397,14.635644
3398,26.216236
3399,6.9027033
3400,1.0
3401,17.104877
3402,24.923035
3403,4.78502
3404,7.286995
3405,21.636946
3406,32.94354
3407,5.2977734
3408,7.468771
3409,31.186384
3410,5.733797
3411,4.8824105
3412,18.235561
3413,24.37884
3414,2.9157925
3415,17.488556
3416,22.545637
3417,12.18969
3418,8.139839
3419,9.638666
3420,9.073957
3421,25.55551
3422,1.968399
3423,4.4790554
3424,6.96054
3425,22.483154
3426,6.989809
3427,13.719552
3428,23.653454
3429,9.3086405
3430,20.662579
3431,24.354342
3432,14.860525
3433,5.19022
3434,4.8946724
3435,27.061327
3436,26.790783
3437,10.233521
3438,5.381256
3439,25.960796
3440,7.182022
3441,21.76293
3442,10.749116
3443,2.634922
3444,1.3295021
3445,4.7812595
3446,24.204199
3447,7.3879976
3448,26.853449
3449,6.689667
3450,14.967586
3451,7.995606
3452,22.933792
3453,21.044075
3454,22.156475
3455,15.664579
3456,14.809671
3457,8.823828
3458,14.194029
3459,9.078415
3460,15.239469
3461,2.221155
3462,15.227476
3463,9.789064
3464,5.549223
3465,9.563431
3466,2.6133914
3467,20.931787
3468,18.4546
3469,22.303282
3470,9.816769
3471,8.082224
3472,1.1593075
3473,8.908765
3474,7.7278605
3475,1.931593
3476,17.075586
3477,6.802823
3478,10.092387
3479,5.129057
3480,8.177586
3481,26.434582
3482,3.9979115
3483,17.633503
3484,5.0563793
3485,18.940926
3486,7.7895646
3487,3.0155973
3488,19.985367
3489,14.753273
3490,12.751839
3491,10.578747
3492,20.286255
3493,16.044676
3494,21.075748
3495,2.35437
3496,17.676695
3497,17.980553
3498,19.308609
3499,24.20518
3500,14.910182
3501,11.996143
3502,15.646482
3503,16.289604
3504,11.2144165
3505,22.274824
3506,29.394941
3507,6.074955
3508,10.950851
3509,18.506647
3510,2.9494
3511,5.0614786
3512,25.781307
3513,17.388195
3514,15.336086
3515,6.912174
3516,4.1200514
3517,9.858197
3518,6.231203
3519,16.6335
3520,3.8211126
3521,4.8945093
3522,28.436956
3523,4.02143
3524,3.4869642
3525,10.809613
3526,24.208603
3527,9.703415
3528,20.600641
3529,1.0
3530,29.170052
3531,30.842758
3532,20.26999
3533,2.1772804
3534,20.522482
3535,10.396009
3536,20.70087
3537,7.3078046
3538,7.41537
3539,26.716465
3540,7.5947328
3541,8.101564
3542,1.377078
3543,13.703493
3544,6.8389997
3545,9.819365
3546,31.05379
3547,23.721369
3548,21.570229
3549,8.159808
3550,7.008361
3551,7.4618897
3552,26.224321
3553,26.105707
3554,4.9850287
3555,25.198566
3556,12.584213
3557,4.6146994
3558,28.767563
3559,12.186602
3560,6.9587727
3561,5.07613
3562,6.7077703
3563,23.248608
3564,15.248687
3565,8.27325
3566,24.404972
3567,1.0
3568,30.98348
3569,4.451676
3570,6.5159807
3571,8.36962
3572,6.582186
3573,12.988614
3574,8.228605
3575,27.654682
3576,6.7115016
3577,2.8946018
3578,10.961908
3579,1.6547174
3580,11.800321
3581,10.713557
3582,16.260458
3583,4.1428556
3584,11.503705
3585,10.27205
3586,29.321701
3587,3.2302804
3588,3.4987497
3589,1.0
3590,13.188188
3591,4.615402
3592,4.5518703
3593,5.6561546
3594,10.619104
3595,9.704752
3596,1.935813
3597,2.770071
3598,3.7181988
3599,5.8534274
3600,10.302503
3601,9.028631
3602,14.540909
3603,5.706609
3604,24.827858
3605,6.185051
3606,15.416193
3607,23.857483
3608,17.167902
3609,18.955166
3610,29.727448
3611,13.384642
3612,1.4108659
3613,23.62959
3614,6.8195257
3615,3.5892239
3616,2.5381262
3617,20.22505
3618,1.6344328
3619,15.533783
3620,2.195921
3621,16.670576
3622,20.56467
3623,4.764779
3624,16.648474
3625,13.070186
3626,22.504135
3627,9.765515
3628,32.22355
3629,6.7579193
3630,13.673685
3631,5.293042
3632,20.7618
3633,12.904418
3634,3.2701106
3635,20.294445
3636,14.576682
3637,8.599127
3638,12.396142
3639,7.1111755
3640,1.7732613
3641,8.558822
3642,22.28624
3643,23.155918
3644,25.643919
3645,13.756342
3646,10.785081
3647,15.0295315
3648,10.435268
3649,23.202307
3650,5.0096517
3651,19.92352
3652,2.230628
3653,21.118069
3654,26.333103
3655,1.474338
3656,15.599236
3657,2.2383766
3658,5.1527324
3659,15.469263
3660,2.4651866
3661,24.199776
3662,8.624424
3663,3.7001882
3664,8.814591
3665,7.095715
3666,8.731278
3667,4.8567476
3668,4.5542283
3669,31.109123
3670,27.74664
3671,23.242363
3672,12.084322
3673,21.401066
3674,7.65265
3675,14.308336
3676,20.738155
3677,16.758556
3678,18.648287
3679,22.247435
3680,14.0168915
3681,6.78446
3682,5.0446606
3683,5.8772306
3684,3.3750224
3685,13.330324
3686,27.446306
3687,17.151814
3688,28.143175
3689,5.200409
3690,19.541042
3691,6.618349
3692,27.510084
3693,24.782536
3694,10.989769
3695,4.4253936
3696,3.5145845
3697,6.7583895
3698,9.154377
3699,3.8390732
3700,20.461813
3701,11.133097
3702,13.443617
3703,7.784402
3704,18.655586
3705,26.515001
3706,20.403744
3707,10.538743
3708,7.1301184
3709,16.955164
3710,17.286263
3711,11.697219
3712,1.0
3713,24.120125
3714,23.121555
3715,11.260382
3716,19.393248
3717,31.527752
3718,10.897783
3719,4.044195
3720,11.1492405
3721,15.436256
3722,9.817863
3723,5.3774805
3724,23.500885
3725,10.150396
3726,14.471875
3727,8.500538
3728,5.5377645
3729,9.35167
3730,2.2066622
3731,15.577965
3732,30.174065
3733,18.945517
3734,1.4685111
3735,21.284586
3736,13.768024
3737,26.80126
3738,19.919674
3739,13.720102
3740,4.2912674
3741,3.2816906
3742,21.647346
3743,14.184032
3744,1.0
3745,1.5104513
3746,20.040016
3747,12.076725
3748,13.067676
3749,22.508205
3750,18.167114
3751,16.185669
3752,6.306576
3753,9.700077
3754,31.814182
3755,21.698034
3756,24.751204
3757,7.477058
3758,7.341441
3759,16.983751
3760,27.524687
3761,7.011245
3762,8.890562
3763,30.564018
3764,16.11243
3765,10.216543
3766,10.275933
3767,18.837517
3768,5.508805
3769,7.6774526
3770,3.5776043
3771,11.843603
3772,3.090705
3773,3.7506895
3774,4.441939
3775,15.172472
3776,11.451512
3777,16.255852
3778,14.83563
3779,14.494648
3780,10.031075
3781,7.7355866
3782,26.015965
3783,2.0741692
3784,11.25173
3785,17.61102
3786,12.03048
3787,20.325575
3788,4.860605
3789,17.331861
3790,25.615822
3791,14.849996
3792,8.67948
3793,28.384201
3794,6.8094506
3795,15.125717
3796,1.4034195
3797,18.929619
3798,16.053785
3799,1.0
3800,3.969667
3801,3.0858297
3802,22.036676
3803,9.620322
3804,12.260779
3805,14.704708
3806,25.035255
3807,8.584118
3808,3.544444
3809,13.540986
3810,20.571014
3811,1.0
3812,5.1651993
3813,3.716341
3814,6.153292
3815,18.8181
3816,7.9368343
3817,16.242182
3818,9.054409
3819,31.4468
3820,12.410696
3821,17.683964
3822,4.3337765
3823,4.2724214
3824,7.7294445
3825,14.661613
3826,19.12094
3827,7.6972065
3828,8.618341
3829,20.264633
3830,10.818624
3831,16.633274
3832,21.899582
3833,12.315511
3834,5.688584
3835,4.606401
3836,7.8881874
3837,3.9242525
3838,3.3890595
3839,21.648558
3840,6.9678383
3841,8.753229
3842,1.9819937
3843,13.756332
3844,20.415632
3845,13.680677
3846,2.6854744
3847,10.046028
3848,7.2857666
3849,3.8763132
3850,10.91563
3851,7.016432
3852,7.4039083
3853,18.5233
3854,25.37028
3855,13.502354
3856,4.969858
3857,8.079601
3858,8.410409
3859,14.611274
3860,6.6909637
3861,24.308817
3862,21.47387
3863,21.370462
3864,16.535091
3865,13.590183
3866,8.045422
3867,3.1455774
3868,3.1155052
3869,20.717484
3870,6.1197224
3871,13.833712
3872,35.832832
3873,25.605583
3874,30.608349
3875,16.94891
3876,8.089282
3877,19.719467
3878,26.052132
3879,12.162781
3880,29.090767
3881,13.584172
3882,1.0
3883,25.915192
3884,25.756868
3885,12.834757
3886,14.678143
3887,19.517427
3888,25.596
3889,7.387831
3890,3.3815145
3891,18.40003
3892,9.161794
3893,11.689743
3894,21.557049
3895,7.3486056
3896,8.419856
3897,21.348183
3898,6.2707295
3899,27.816452
3900,18.869425
3901,10.447669
3902,2.7839546
3903,20.788849
3904,20.553411
3905,10.022287
3906,12.33897
3907,10.327366
3908,9.149378
3909,9.024426
3910,6.2581196
3911,10.399265
3912,17.454662
3913,6.334694
3914,2.1848698
3915,9.029141
3916,4.4007397
3917,34.163345
3918,19.83536
3919,3.1247306
3920,17.341019
3921,24.675379
3922,21.24651
3923,11.331917
3924,10.116654
3925,1.0
3926,21.382507
3927,11.862272
3928,13.666369
3929,16.116488
3930,29.085518
3931,12.7510395
3932,12.273666
3933,18.824402
3934,6.193548
3935,1.0
3936,9.65001
3937,26.974728
3938,7.6963453
3939,4.1459475
3940,20.728405
3941,16.413298
3942,8.01007
3943,31.734802
3944,15.65825
3945,18.615461
3946,5.708748
3947,2.7645588
3948,20.735825
3949,9.821304
3950,4.357974
3951,8.155992
3952,4.086541
3953,18.732197
3954,9.615471
3955,7.1554413
3956,24.097307
3957,17.915247
3958,4.6303196
3959,4.890304
